Big Endian 

e3a00005
eb000004
e3a00007
eb000002
e3a0000a
eb000000
eafffffe
e3a01000
e3a02001
e3500001
da000004
e0813002
e2500001
e1a01002
e1a02003
cafffffa
e1a00001
e12fff1e

00 00 00 01
00 00 00 02
00 00 00 03
00 00 00 04
00 00 00 05
00 00 00 06
00 00 00 07
00 00 00 08
00 00 00 09
00 00 00 0a
00 00 00 0b
00 00 00 0c
00 00 00 0d
00 00 00 0e
00 00 00 0f
00 00 00 10
00 00 00 01
00 00 00 02
00 00 00 03
00 00 00 04
00 00 00 05
00 00 00 06
00 00 00 07
00 00 00 08
00 00 00 09
00 00 00 0a
00 00 00 0b
00 00 00 0c
00 00 00 0d
00 00 00 0e
00 00 00 0f
00 00 00 10
00 00 00 00
00 00 00 00
00 00 00 00
00 00 00 00
00 00 00 00
00 00 00 00
00 00 00 00
00 00 00 00
