e8 10 9f e5 
e8 20 9f e5 
e8 30 9f e5 
00 00 a0 e3 
10 00 50 e3 
fe ff ff 0a 
00 41 91 e7 
00 51 92 e7 
05 40 84 e0 
00 41 83 e7 
01 00 80 e2 
f7 ff ff ea 
01 00 00 00 
02 00 00 00 
03 00 00 00 
04 00 00 00 
05 00 00 00 
06 00 00 00 
07 00 00 00 
08 00 00 00 
09 00 00 00 
0a 00 00 00 
0b 00 00 00 
0c 00 00 00 
0d 00 00 00 
0e 00 00 00 
0f 00 00 00 
10 00 00 00 
01 00 00 00 
02 00 00 00 
03 00 00 00 
04 00 00 00 
05 00 00 00 
06 00 00 00 
07 00 00 00 
08 00 00 00 
09 00 00 00 
0a 00 00 00 
0b 00 00 00 
0c 00 00 00 
0d 00 00 00 
0e 00 00 00 
0f 00 00 00 
10 00 00 00 
00 00 00 00 
00 00 00 00 
00 00 00 00 
00 00 00 00 
00 00 00 00 
00 00 00 00 
00 00 00 00 
00 00 00 00 
00 00 00 00 
00 00 00 00 
00 00 00 00 
00 00 00 00 
00 00 00 00 
00 00 00 00 
00 00 00 00 
00 00 00 00 
30 00 00 00 
70 00 00 00 
b0 00 00 00 